
Greedy:1, Size:5-6, TotalWait:11.634216191439899, AvgWait:1.9390360319066497
Greedy:2, Size:5-6, TotalWait:14.248270973600897, AvgWait:2.3747118289334828
Greedy:1, Size:10-15, TotalWait:24.858745513962187, AvgWait:1.6572497009308125
Greedy:2, Size:10-15, TotalWait:18.619079854120393, AvgWait:1.241271990274693
